0.8931279182434082
0.8931806087493896
0.9056947231292725
1.472254753112793
1.0514419078826904
1.0780613422393799
0.7232944965362549
1.3280670642852783
1.1259040832519531
1.3335754871368408

2.033205509185791
1.9387269020080566
1.7317924499511719
2.2248153686523438
2.6193912029266357
2.349552869796753
2.3767409324645996
1.8737318515777588
1.8885712623596191
2.164611577987671

2.012960910797119
1.8983242511749268
1.865900993347168
2.0243167877197266
1.911304235458374
1.8916678428649902
1.9003000259399414
1.850081443786621
2.54166316986084
2.143825054168701

1.0468125343322754
1.0444386005401611
0.7811927795410156
1.2867095470428467
1.2311346530914307
1.6535539627075195
1.1728837490081787
1.0217831134796143
1.0814354419708252
1.155806541442871
