1.956662893295288
2.27309513092041
2.112287998199463
1.8814725875854492
1.8430166244506836
1.8468832969665527
2.146042823791504
2.1755547523498535
2.2833125591278076
2.0399794578552246

1.763566017150879
1.7517211437225342
1.646677017211914
1.5312128067016602
1.6335744857788086
1.678191900253296
2.0744428634643555
1.962862253189087
2.0468945503234863
1.9129858016967773

1.626431941986084
1.8123726844787598
1.5405337810516357
1.482926368713379
1.6920280456542969
1.6016380786895752
1.4320032596588135
1.6568868160247803
1.3822062015533447
1.744544506072998
